cam0:
  cam_overlaps: [1]
  camera_model: pinhole
  distortion_coeffs: [0.012629536734776903, -0.0029847400633416002, 0.0004756101990056264, 0.0013932113521388358]
  distortion_model: radtan
  intrinsics: [265.2469730106612, 265.1706733941397, 324.0751634682265, 179.052603741445]
  resolution: [640, 360]
  rostopic: /zed/zed_node/left/color/rect/image
cam1:
  T_cn_cnm1:
  - [0.9999604088660569, -0.00021303049677720925, 0.00889580341679349, -0.1195210465345488]
  - [0.000213022778131653, 0.9999999773089975, 1.8151958025746867e-06, 7.989990659499038e-05]
  - [-0.008895803601630881, 7.988482064386634e-08, 0.9999604315563038, 0.0003876324506602702]
  - [0.0, 0.0, 0.0, 1.0]
  cam_overlaps: [0]
  camera_model: pinhole
  distortion_coeffs: [0.01174266096331323, -0.002871545099490877, 0.0003592577237750942, -0.0009810431894111654]
  distortion_model: radtan
  intrinsics: [265.35803772722693, 265.1984095544947, 321.4577444733087, 178.82754834304095]
  resolution: [640, 360]
  rostopic: /zed/zed_node/right/color/rect/image
