cam0:
  T_cam_imu:
  - [-0.0012069682380942137, -0.999959553566699, 0.00891260109951475, 0.02374101772612174]
  - [0.0012353350482965375, -0.008914091742802915, -0.9999595056379624, 0.0019871949034301313]
  - [0.9999985085863826, -0.001195909314175625, 0.0012460441090049457, -0.004969454993572966]
  - [0.0, 0.0, 0.0, 1.0]
  cam_overlaps: [1]
  camera_model: pinhole
  distortion_coeffs: [0.012629536734776903, -0.0029847400633416002, 0.0004756101990056264, 0.0013932113521388358]
  distortion_model: radtan
  intrinsics: [265.2469730106612, 265.1706733941397, 324.0751634682265, 179.052603741445]
  resolution: [640, 360]
  rostopic: /zed/zed_node/left/color/rect/image
  timeshift_cam_imu: 0.008473177395364007
cam1:
  T_cam_imu:
  - [0.007688606532579134, -0.9999287036348504, 0.00913635467321633, -0.09582559937006864]
  - [0.0012368931016336626, -0.009127107873462909, -0.9999575820990215, 0.0020721431219515286]
  - [0.9999696772527866, 0.007699581092098007, 0.001166630174431943, -0.004792821181560303]
  - [0.0, 0.0, 0.0, 1.0]
  T_cn_cnm1:
  - [0.999960408866058, -0.00021303049677720928, 0.00889580341679349, -0.1195210465345488]
  - [0.00021302277813165302, 0.9999999773089986, 1.8151958025746858e-06, 7.989990659499038e-05]
  - [-0.008895803601630881, 7.98848206438656e-08, 0.9999604315563049, 0.0003876324506602702]
  - [0.0, 0.0, 0.0, 1.0]
  cam_overlaps: [0]
  camera_model: pinhole
  distortion_coeffs: [0.01174266096331323, -0.002871545099490877, 0.0003592577237750942, -0.0009810431894111654]
  distortion_model: radtan
  intrinsics: [265.35803772722693, 265.1984095544947, 321.4577444733087, 178.82754834304095]
  resolution: [640, 360]
  rostopic: /zed/zed_node/right/color/rect/image
  timeshift_cam_imu: 0.008706209697421906
